100
264 205 376
290 4 4
103 143 88
690 26 640
195 495 8
307 953 269
513 513 512
3 4 3
545 428 734
597 873 704
156 100 78
690 297 11
683 709 811
327 896 182
606 269 899
608 15 3
309 447 52
512 512 513
472 574 431
513 513 1
513 513 256
461 564 293
274 681 104
2 2 2
512 512 2
512 512 1
1 3 1
3 2 2
2 1 5
597 508 154
1 5 1
823 969 654
4 3 2
4 1 3
825 998 163
260 647 147
513 513 2
1 1 1000
512 512 257
3 3 3
899 848 861
714 519 852
495 450 296
257 319 27
5 3 4
3 4 2
2 3 5
411 184 29
821 385 417
650 507 633
360 707 289
1 1 1
922 663 488
855 165 25
845 619 582
513 513 257
5 3 5
4 3 3
367 625 339
447 889 524
676 122 426
2 5 2
798 595 587
787 930 27
415 103 283
1 5 1
380 978 381
152 311 60
1000 1000 1
733 324 41
936 437 581
259 133 55
4 2 5
4 5 2
121 445 646
212 954 158
964 160 787
7 8 5
895 936 76
928 648 684
512 512 256
255 414 868
425 269 62
775 273 48
444 824 707
470 289 213
980 134 274
4 5 4
605 502 974
450 723 98
3 4 2
939 659 890
836 166 56
622 577 815
39 67 25
981 572 830
1 1 1
2 5 1
207 409 44
45 56 35
